255 17 0
255 34 0
255 51 0
255 68 0
255 85 0
255 102 0
255 119 0
255 136 0
255 153 0
255 170 0
255 187 0
255 204 0
255 221 0
255 238 0
255 255 0
238 255 0
221 255 0
204 255 0
187 255 0
170 255 0
153 255 0
136 255 0
119 255 0
102 255 0
85 255 0
68 255 0
51 255 0
34 255 0
17 255 0
0 255 0
0 255 17
0 255 34
0 255 51
0 255 68
0 255 85
0 255 102
0 255 119
0 255 136
0 255 153
0 255 170
0 255 187
0 255 204
0 255 221
0 255 238
0 255 255
0 238 255
0 221 255
0 204 255
0 187 255
0 170 255
0 153 255
0 136 255
0 119 255
0 102 255
0 85 255
0 68 255
0 51 255
0 34 255
0 17 255
0 0 255
